                            2025
      October               November              December        
Su Mo Tu We Th Fr Sa  Su Mo Tu We Th Fr Sa  Su Mo Tu We Th Fr Sa  
          1  2  3  4                     1      1  2  3  4  5  6  
 5  6  7  8  9 10 11   2  3  4  5  6  7  8   7  8  9 10 11 12 13  
12 13 14 15 16 17 18   9 10 11 12 13 14 15  14 15 16 17 18 19 20  
19 20 21 22 23 24 25  16 17 18 19 20 21 22  21 22 23 24 25 26 27  
26 27 28 29 30 31     23 24 25 26 27 28 29  28 29 30 31           
                      30                                          

                            2026
      January               February               March          
Su Mo Tu We Th Fr Sa  Su Mo Tu We Th Fr Sa  Su Mo Tu We Th Fr Sa  
             1  2  3   1  2  3  4  5  6  7   1  2  3  4  5  6  7  
 4  5  6  7  8  9 10   8  9 10 11 12 13 14   8  9 10 11 12 13 14  
11 12 13 14 15 16 17  15 16 17 18 19 20 21  15 16 17 18 19 20 21  
18 19 20 21 22 23 24  22 23 24 25 26 27 28  22 23 24 25 26 27 28  
25 26 27 28 29 30 31                        29 30 31              
                                                                  

       April                  May           
Su Mo Tu We Th Fr Sa  Su Mo Tu We Th Fr Sa  
          1  2  3  4                  1  2  
 5  6  7  8  9 10 11   3  4  5  6  7  8  9  
12 13 14 15 16 17 18  10 11 12 13 14 15 16  
19 20 21 22 23 24 25  17 18 19 20 21 22 23  
26 27 28 29 30        24 25 26 27 28 29 30  
                      31                    
